231 0 230 16
230 16 226 32
226 32 220 47
220 47 212 61
212 61 202 74
202 74 190 85
190 85 176 94
176 94 162 101
162 101 146 105
146 105 130 107
130 107 114 107
114 107 99 104
99 104 84 99
84 99 70 92
70 92 57 83
57 83 46 71
46 71 37 59
37 59 30 45
30 45 25 30
25 30 23 14
23 14 23 0
23 0 26 -16
26 -16 31 -30
31 -30 38 -44
38 -44 47 -57
47 -57 58 -68
58 -68 71 -77
71 -77 85 -84
85 -84 100 -89
100 -89 116 -91
116 -91 132 -91
132 -91 148 -88
148 -88 163 -84
163 -84 178 -76
178 -76 191 -67
191 -67 202 -56
202 -56 212 -43
212 -43 220 -29
220 -29 226 -13
226 -13 229 2
229 2 230 18
230 18 228 34
228 34 224 50
224 50 218 65
218 65 209 79
209 79 199 92
199 92 186 102
186 102 173 111
173 111 158 118
158 118 142 122
142 122 126 124
126 124 110 123
110 123 95 120
95 120 80 115
80 115 66 107
66 107 53 97
53 97 43 86
43 86 34 73
34 73 27 59
27 59 23 44
23 44 21 28
21 28 21 13
21 13 24 -2
24 -2 29 -16
29 -16 37 -30
37 -30 46 -42
46 -42 58 -53
58 -53 71 -62
71 -62 85 -69
85 -69 100 -73
100 -73 116 -75
116 -75 132 -75
132 -75 147 -72
147 -72 162 -67
162 -67 177 -59
177 -59 190 -49
190 -49 201 -38
201 -38 211 -25
211 -25 218 -10
218 -10 223 4
223 4 226 20
226 20 227 36
227 36 225 53
225 53 220 68
220 68 213 83
213 83 205 97
205 97 194 109
194 109 181 120
181 120 167 128
167 128 152 134
152 134 137 138
137 138 120 140
120 140 104 139
104 139 89 135
89 135 74 130
74 130 60 122
60 122 48 112
48 112 37 100
37 100 29 87
29 87 22 72
22 72 18 57
18 57 16 42
16 42 17 26
17 26 20 11
20 11 26 -3
26 -3 34 -16
34 -16 43 -28
43 -28 55 -39
55 -39 68 -47
68 -47 82 -54
82 -54 98 -58
98 -58 113 -59
113 -59 129 -59
129 -59 145 -56
145 -56 160 -50
160 -50 174 -42
174 -42 187 -32
187 -32 198 -21
198 -21 207 -7
207 -7 214 6
214 6 219 22
219 22 221 38
221 38 221 54
221 54 219 70
219 70 214 86
214 86 207 101
207 101 198 114
198 114 187 126
187 126 174 137
174 137 160 145
160 145 145 151
145 151 129 154
129 154 113 155
113 155 97 154
97 154 81 150
81 150 66 144
66 144 53 136
53 136 40 125
40 125 30 113
30 113 22 100
22 100 16 86
16 86 12 70
12 70 10 55
10 55 11 39
11 39 15 24
15 24 21 10
21 10 29 -3
29 -3 39 -15
39 -15 50 -25
50 -25 64 -33
64 -33 78 -39
78 -39 93 -43
93 -43 109 -45
109 -45 125 -44
125 -44 140 -40
140 -40 155 -34
155 -34 169 -26
169 -26 181 -16
181 -16 192 -4
192 -4 201 8
201 8 208 23
208 23 212 39
212 39 214 55
214 55 214 71
214 71 211 87
211 87 206 103
206 103 199 118
199 118 189 131
189 131 178 143
178 143 164 152
164 152 150 160
150 160 135 166
135 166 119 169
119 169 103 170
103 170 87 168
87 168 71 164
71 164 56 157
56 157 43 149
43 149 31 138
31 138 21 126
21 126 13 112
13 112 7 98
7 98 3 82
3 82 2 67
2 67 4 51
4 51 7 36
7 36 13 22
13 22 22 9
22 9 32 -2
32 -2 44 -12
44 -12 57 -20
57 -20 72 -26
72 -26 87 -30
87 -30 103 -31
103 -31 119 -29
119 -29 134 -25
134 -25 149 -19
149 -19 162 -11
162 -11 174 -1
174 -1 185 11
185 11 193 24
193 24 200 39
200 39 204 55
204 55 206 71
206 71 205 87
205 87 202 103
202 103 196 119
196 119 188 133
188 133 178 146
178 146 167 158
167 158 153 167
153 167 139 175
139 175 123 180
123 180 107 182
107 182 91 183
91 183 75 181
75 181 59 176
59 176 45 169
45 169 32 160
32 160 20 150
20 150 10 137
10 137 2 123
2 123 -2 109
-2 109 -6 93
-6 93 -6 78
-6 78 -5 62
-5 62 -1 47
-1 47 5 33
5 33 13 20
13 20 24 8
24 8 36 -1
36 -1 49 -8
49 -8 64 -14
64 -14 79 -17
79 -17 95 -18
95 -18 111 -16
111 -16 126 -12
126 -12 140 -6
140 -6 154 2
154 2 166 13
166 13 176 25
176 25 184 39
184 39 190 54
190 54 194 70
194 70 195 86
195 86 194 102
194 102 190 118
190 118 184 133
184 133 176 147
176 147 166 160
166 160 154 171
154 171 140 181
140 181 126 188
126 188 110 192
110 192 94 195
94 195 78 195
78 195 62 192
62 192 46 187
46 187 32 180
32 180 19 171
19 171 7 160
7 160 -1 147
-1 147 -9 133
-9 133 -14 118
-14 118 -17 103
-17 103 -18 87
-18 87 -16 72
-16 72 -11 57
-11 57 -5 42
-5 42 3 30
3 30 14 18
14 18 26 9
26 9 40 1
40 1 54 -3
54 -3 70 -6
70 -6 85 -6
85 -6 101 -4
101 -4 116 0
116 0 130 6
130 6 144 15
144 15 155 26
155 26 165 38
165 38 173 52
173 52 179 67
179 67 182 83
182 83 183 99
183 99 181 115
181 115 177 131
177 131 171 146
171 146 163 160
163 160 152 173
152 173 140 183
140 183 126 192
126 192 111 199
111 199 95 203
95 203 79 205
79 205 63 205
63 205 47 202
47 202 32 197
32 197 17 189
17 189 4 180
4 180 -6 168
-6 168 -15 156
-15 156 -23 141
-23 141 -28 126
-28 126 -30 111
-30 111 -30 95
-30 95 -28 79
-28 79 -23 65
-23 65 -17 51
-17 51 -7 38
-7 38 2 27
2 27 15 17
15 17 29 10
29 10 44 5
44 5 59 3
59 3 75 3
75 3 90 5
90 5 105 10
105 10 119 17
119 17 132 26
132 26 143 37
143 37 153 49
153 49 161 64
161 64 166 79
166 79 169 95
169 95 169 111
169 111 168 127
168 127 163 143
163 143 157 157
157 157 148 171
148 171 137 183
137 183 124 194
124 194 110 202
110 202 95 209
95 209 79 213
79 213 63 214
63 214 47 214
47 214 31 210
31 210 16 205
16 205 2 197
2 197 -10 187
-10 187 -21 175
-21 175 -30 162
-30 162 -37 148
-37 148 -42 133
-42 133 -44 117
-44 117 -44 101
-44 101 -42 86
-42 86 -37 71
-37 71 -29 57
-29 57 -20 44
-20 44 -9 33
-9 33 3 24
3 24 17 17
17 17 31 13
31 13 47 11
47 11 63 11
63 11 78 13
78 13 93 18
93 18 107 26
107 26 119 35
119 35 131 46
131 46 140 59
140 59 147 73
147 73 152 89
152 89 155 104
155 104 155 121
155 121 153 137
153 137 148 152
148 152 141 167
141 167 132 180
132 180 121 192
121 192 108 203
108 203 94 211
94 211 78 217
78 217 62 220
62 220 46 222
46 222 30 220
30 220 14 217
14 217 0 211
0 211 -14 202
-14 202 -27 192
-27 192 -38 180
-38 180 -46 167
-46 167 -53 152
-53 152 -57 137
-57 137 -59 121
-59 121 -59 106
-59 106 -56 90
-56 90 -51 75
-51 75 -43 61
-43 61 -34 49
-34 49 -22 38
-22 38 -9 30
-9 30 4 23
4 23 19 19
19 19 34 17
34 17 50 17
50 17 65 20
65 20 80 25
80 25 93 33
93 33 106 42
106 42 117 54
117 54 126 67
126 67 133 81
133 81 137 97
137 97 140 112
140 112 139 128
139 128 137 144
137 144 132 160
132 160 124 174
124 174 115 188
115 188 104 199
104 199 91 209
91 209 76 217
76 217 61 223
61 223 45 226
45 226 28 227
28 227 12 225
12 225 -3 221
-3 221 -18 215
-18 215 -32 206
-32 206 -44 196
-44 196 -54 183
-54 183 -63 170
-63 170 -69 155
-69 155 -74 140
-74 140 -75 124
-75 124 -74 108
-74 108 -71 92
-71 92 -65 78
-65 78 -58 64
-58 64 -48 52
-48 52 -36 41
-36 41 -23 33
-23 33 -9 26
-9 26 5 22
5 22 20 21
20 21 36 21
36 21 51 25
51 25 66 30
66 30 80 38
80 38 92 48
92 48 102 59
102 59 111 73
111 73 118 87
118 87 122 102
122 102 124 118
124 118 123 134
123 134 120 150
120 150 115 165
115 165 107 180
107 180 97 193
97 193 86 204
86 204 73 214
73 214 58 221
58 221 42 226
42 226 26 229
26 229 10 230
10 230 -5 228
-5 228 -21 223
-21 223 -36 216
-36 216 -49 208
-49 208 -62 197
-62 197 -72 184
-72 184 -80 170
-80 170 -86 156
-86 156 -90 140
-90 140 -91 124
-91 124 -90 108
-90 108 -87 93
-87 93 -81 78
-81 78 -73 65
-73 65 -62 53
-62 53 -51 42
-51 42 -37 34
-37 34 -23 28
-23 28 -8 24
-8 24 6 23
6 23 22 24
22 24 37 27
37 27 52 33
52 33 65 41
65 41 77 51
77 51 87 63
87 63 96 76
96 76 102 91
102 91 106 106
106 106 108 122
108 122 107 138
107 138 103 154
103 154 98 169
98 169 90 183
90 183 80 196
80 196 68 207
68 207 54 216
54 216 40 223
40 223 24 228
24 228 8 231
8 231 -8 231
-8 231 -24 228
-24 228 -39 223
-39 223 -54 216
-54 216 -68 207
-68 207 -80 196
-80 196 -90 183
-90 183 -98 169
-98 169 -103 154
-103 154 -107 138
-107 138 -108 122
-108 122 -106 106
-106 106 -102 91
-102 91 -96 76
-96 76 -88 63
-88 63 -77 51
-77 51 -65 41
-65 41 -52 33
-52 33 -37 27
-37 27 -22 24
-22 24 -7 23
-7 23 8 24
8 24 23 28
23 28 37 34
37 34 51 42
51 42 62 53
62 53 72 65
72 65 81 78
81 78 87 93
87 93 90 108
90 108 91 124
91 124 90 140
90 140 86 155
86 155 80 170
80 170 72 184
72 184 62 197
62 197 50 208
50 208 36 216
36 216 21 223
21 223 5 228
5 228 -10 230
-10 230 -26 229
-26 229 -42 226
-42 226 -58 221
-58 221 -72 214
-72 214 -86 204
-86 204 -97 193
-97 193 -107 180
-107 180 -115 166
-115 166 -120 150
-120 150 -123 134
-123 134 -124 118
-124 118 -122 103
-122 103 -118 87
-118 87 -111 73
-111 73 -102 60
-102 60 -92 48
-92 48 -80 38
-80 38 -66 30
-66 30 -51 25
-51 25 -36 21
-36 21 -21 21
-21 21 -5 22
-5 22 9 26
9 26 23 33
23 33 36 41
36 41 48 52
48 52 58 64
58 64 65 78
65 78 71 92
71 92 74 108
74 108 75 124
75 124 74 139
74 139 70 155
70 155 63 170
63 170 55 183
55 183 44 196
44 196 32 206
32 206 18 215
18 215 3 221
3 221 -12 225
-12 225 -28 227
-28 227 -45 226
-45 226 -61 223
-61 223 -76 217
-76 217 -90 209
-90 209 -103 199
-103 199 -115 188
-115 188 -124 174
-124 174 -132 160
-132 160 -137 145
-137 145 -139 129
-139 129 -140 113
-140 113 -137 97
-137 97 -133 81
-133 81 -126 67
-126 67 -117 54
-117 54 -106 42
-106 42 -94 33
-94 33 -80 25
-80 25 -65 20
-65 20 -50 17
-50 17 -34 17
-34 17 -19 18
-19 18 -4 23
-4 23 9 29
9 29 22 38
22 38 34 49
34 49 43 61
43 61 51 75
51 75 56 90
56 90 59 105
59 105 59 121
59 121 57 137
57 137 53 152
53 152 46 167
46 167 38 180
38 180 27 192
27 192 14 202
14 202 0 211
0 211 -14 217
-14 217 -30 220
-30 220 -46 222
-46 222 -62 220
-62 220 -78 217
-78 217 -94 211
-94 211 -108 203
-108 203 -121 192
-121 192 -132 180
-132 180 -141 167
-141 167 -148 152
-148 152 -153 137
-153 137 -155 121
-155 121 -155 105
-155 105 -152 89
-152 89 -147 73
-147 73 -140 59
-140 59 -131 46
-131 46 -120 35
-120 35 -107 26
-107 26 -93 18
-93 18 -78 13
-78 13 -63 11
-63 11 -47 10
-47 10 -32 13
-32 13 -17 17
-17 17 -3 24
-3 24 9 33
9 33 20 44
20 44 29 57
29 57 37 71
37 71 42 86
42 86 44 101
44 101 44 117
44 117 42 133
42 133 37 148
37 148 30 162
30 162 21 175
21 175 10 187
10 187 -1 197
-1 197 -16 205
-16 205 -31 210
-31 210 -47 214
-47 214 -63 214
-63 214 -79 213
-79 213 -95 209
-95 209 -110 203
-110 203 -124 194
-124 194 -137 183
-137 183 -148 171
-148 171 -157 157
-157 157 -163 143
-163 143 -168 127
-168 127 -169 111
-169 111 -169 95
-169 95 -166 79
-166 79 -161 64
-161 64 -153 50
-153 50 -144 37
-144 37 -132 26
-132 26 -119 17
-119 17 -105 10
-105 10 -90 5
-90 5 -75 3
-75 3 -59 3
-59 3 -44 5
-44 5 -29 10
-29 10 -15 17
-15 17 -3 27
-3 27 7 38
7 38 16 50
16 50 23 64
23 64 28 79
28 79 30 95
30 95 30 111
30 111 28 126
28 126 23 141
23 141 15 155
15 155 6 168
6 168 -4 180
-4 180 -17 189
-17 189 -32 197
-32 197 -47 202
-47 202 -63 205
-63 205 -79 205
-79 205 -95 204
-95 204 -111 199
-111 199 -126 192
-126 192 -140 184
-140 184 -152 173
-152 173 -163 160
-163 160 -171 146
-171 146 -177 131
-177 131 -181 115
-181 115 -183 99
-183 99 -182 83
-182 83 -179 67
-179 67 -173 52
-173 52 -165 38
-165 38 -155 26
-155 26 -144 15
-144 15 -131 6
-131 6 -116 0
-116 0 -101 -4
-101 -4 -86 -6
-86 -6 -70 -6
-70 -6 -55 -3
-55 -3 -40 1
-40 1 -26 9
-26 9 -14 18
-14 18 -3 29
-3 29 5 42
5 42 11 56
11 56 16 71
16 71 18 87
18 87 17 103
17 103 14 118
14 118 9 133
9 133 2 147
2 147 -7 160
-7 160 -19 171
-19 171 -32 180
-32 180 -46 187
-46 187 -62 192
-62 192 -78 195
-78 195 -94 195
-94 195 -110 192
-110 192 -126 188
-126 188 -140 181
-140 181 -154 171
-154 171 -166 160
-166 160 -176 147
-176 147 -184 133
-184 133 -190 118
-190 118 -194 102
-194 102 -195 86
-195 86 -194 70
-194 70 -190 54
-190 54 -184 39
-184 39 -176 25
-176 25 -166 13
-166 13 -154 2
-154 2 -140 -6
-140 -6 -126 -12
-126 -12 -111 -16
-111 -16 -95 -18
-95 -18 -79 -17
-79 -17 -64 -14
-64 -14 -49 -8
-49 -8 -36 -1
-36 -1 -24 8
-24 8 -13 20
-13 20 -5 33
-5 33 1 47
1 47 5 62
5 62 6 78
6 78 6 93
6 93 2 109
2 109 -2 123
-2 123 -10 137
-10 137 -20 150
-20 150 -32 160
-32 160 -45 169
-45 169 -59 176
-59 176 -75 181
-75 181 -91 183
-91 183 -107 182
-107 182 -123 180
-123 180 -139 175
-139 175 -153 167
-153 167 -167 158
-167 158 -178 146
-178 146 -188 133
-188 133 -196 119
-196 119 -202 103
-202 103 -205 87
-205 87 -206 71
-206 71 -204 55
-204 55 -200 39
-200 39 -193 24
-193 24 -185 11
-185 11 -174 0
-174 0 -162 -11
-162 -11 -149 -19
-149 -19 -134 -25
-134 -25 -119 -29
-119 -29 -103 -31
-103 -31 -87 -30
-87 -30 -72 -26
-72 -26 -57 -20
-57 -20 -44 -12
-44 -12 -32 -2
-32 -2 -22 8
-22 8 -14 22
-14 22 -7 36
-7 36 -4 51
-4 51 -2 67
-2 67 -3 82
-3 82 -7 98
-7 98 -13 112
-13 112 -21 126
-21 126 -31 138
-31 138 -43 148
-43 148 -56 157
-56 157 -71 164
-71 164 -87 168
-87 168 -103 170
-103 170 -119 169
-119 169 -135 166
-135 166 -150 160
-150 160 -164 152
-164 152 -177 143
-177 143 -189 131
-189 131 -198 118
-198 118 -206 103
-206 103 -211 88
-211 88 -214 71
-214 71 -214 55
-214 55 -212 39
-212 39 -208 23
-208 23 -201 9
-201 9 -192 -4
-192 -4 -181 -16
-181 -16 -169 -26
-169 -26 -155 -34
-155 -34 -140 -40
-140 -40 -125 -44
-125 -44 -109 -45
-109 -45 -93 -43
-93 -43 -78 -39
-78 -39 -64 -33
-64 -33 -51 -25
-51 -25 -39 -15
-39 -15 -29 -3
-29 -3 -21 9
-21 9 -15 24
-15 24 -11 39
-11 39 -10 55
-10 55 -12 70
-12 70 -15 85
-15 85 -22 100
-22 100 -30 113
-30 113 -40 125
-40 125 -52 135
-52 135 -66 144
-66 144 -81 150
-81 150 -96 154
-96 154 -112 155
-112 155 -129 154
-129 154 -144 151
-144 151 -160 145
-160 145 -174 137
-174 137 -186 126
-186 126 -198 115
-198 115 -207 101
-207 101 -214 86
-214 86 -219 71
-219 71 -221 54
-221 54 -221 38
-221 38 -219 22
-219 22 -214 6
-214 6 -207 -7
-207 -7 -198 -21
-198 -21 -187 -32
-187 -32 -174 -42
-174 -42 -160 -50
-160 -50 -145 -56
-145 -56 -129 -59
-129 -59 -114 -59
-114 -59 -98 -58
-98 -58 -83 -54
-83 -54 -68 -47
-68 -47 -55 -39
-55 -39 -44 -28
-44 -28 -34 -16
-34 -16 -26 -3
-26 -3 -20 11
-20 11 -17 26
-17 26 -16 42
-16 42 -18 57
-18 57 -22 72
-22 72 -29 87
-29 87 -37 100
-37 100 -48 112
-48 112 -60 122
-60 122 -74 129
-74 129 -89 135
-89 135 -104 139
-104 139 -120 140
-120 140 -136 138
-136 138 -152 135
-152 135 -167 128
-167 128 -181 120
-181 120 -194 109
-194 109 -204 97
-204 97 -213 84
-213 84 -220 69
-220 69 -225 53
-225 53 -227 37
-227 37 -226 20
-226 20 -223 4
-223 4 -218 -10
-218 -10 -211 -25
-211 -25 -201 -38
-201 -38 -190 -49
-190 -49 -177 -59
-177 -59 -163 -67
-163 -67 -147 -72
-147 -72 -132 -75
-132 -75 -116 -75
-116 -75 -100 -73
-100 -73 -85 -69
-85 -69 -71 -62
-71 -62 -58 -53
-58 -53 -46 -42
-46 -42 -37 -30
-37 -30 -29 -16
-29 -16 -24 -2
-24 -2 -21 13
-21 13 -21 28
-21 28 -23 44
-23 44 -27 59
-27 59 -34 73
-34 73 -43 86
-43 86 -53 97
-53 97 -66 107
-66 107 -80 115
-80 115 -95 120
-95 120 -110 123
-110 123 -126 124
-126 124 -142 122
-142 122 -158 118
-158 118 -173 111
-173 111 -186 103
-186 103 -199 92
-199 92 -209 79
-209 79 -218 65
-218 65 -224 50
-224 50 -228 35
-228 35 -230 18
-230 18 -229 2
-229 2 -226 -13
-226 -13 -220 -28
-220 -28 -212 -43
-212 -43 -202 -56
-202 -56 -191 -67
-191 -67 -178 -76
-178 -76 -163 -84
-163 -84 -148 -88
-148 -88 -132 -91
-132 -91 -116 -91
-116 -91 -100 -89
-100 -89 -85 -84
-85 -84 -71 -77
-71 -77 -58 -68
-58 -68 -47 -57
-47 -57 -38 -44
-38 -44 -31 -30
-31 -30 -26 -16
-26 -16 -23 0
-23 0 -23 14
-23 14 -25 30
-25 30 -30 45
-30 45 -37 59
-37 59 -46 71
-46 71 -57 83
-57 83 -69 92
-69 92 -83 99
-83 99 -98 104
-98 104 -114 107
-114 107 -130 107
-130 107 -146 105
-146 105 -161 101
-161 101 -176 94
-176 94 -190 85
-190 85 -202 74
-202 74 -212 61
-212 61 -220 47
-220 47 -226 32
-226 32 -230 16
-230 16 -231 0
-231 0 -230 -16
-230 -16 -226 -32
-226 -32 -220 -47
-220 -47 -212 -61
-212 -61 -202 -74
-202 -74 -190 -85
-190 -85 -176 -94
-176 -94 -162 -101
-162 -101 -146 -105
-146 -105 -130 -107
-130 -107 -114 -107
-114 -107 -99 -104
-99 -104 -84 -99
-84 -99 -70 -92
-70 -92 -57 -83
-57 -83 -46 -71
-46 -71 -37 -59
-37 -59 -30 -45
-30 -45 -25 -30
-25 -30 -23 -14
-23 -14 -23 0
-23 0 -26 15
-26 15 -31 30
-31 30 -38 44
-38 44 -47 57
-47 57 -58 68
-58 68 -71 77
-71 77 -85 84
-85 84 -100 89
-100 89 -116 91
-116 91 -132 91
-132 91 -148 88
-148 88 -163 84
-163 84 -177 76
-177 76 -191 67
-191 67 -202 56
-202 56 -212 43
-212 43 -220 29
-220 29 -226 13
-226 13 -229 -2
-229 -2 -230 -18
-230 -18 -228 -34
-228 -34 -224 -50
-224 -50 -218 -65
-218 -65 -209 -79
-209 -79 -199 -92
-199 -92 -187 -102
-187 -102 -173 -111
-173 -111 -158 -118
-158 -118 -143 -122
-143 -122 -127 -124
-127 -124 -111 -123
-111 -123 -95 -120
-95 -120 -80 -115
-80 -115 -66 -107
-66 -107 -54 -97
-54 -97 -43 -86
-43 -86 -34 -73
-34 -73 -27 -59
-27 -59 -23 -44
-23 -44 -21 -28
-21 -28 -21 -13
-21 -13 -24 1
-24 1 -29 16
-29 16 -37 30
-37 30 -46 42
-46 42 -58 53
-58 53 -71 62
-71 62 -85 68
-85 68 -100 73
-100 73 -116 75
-116 75 -132 75
-132 75 -147 72
-147 72 -162 67
-162 67 -177 59
-177 59 -190 50
-190 50 -201 38
-201 38 -211 25
-211 25 -218 11
-218 11 -223 -4
-223 -4 -226 -20
-226 -20 -227 -36
-227 -36 -225 -53
-225 -53 -220 -68
-220 -68 -213 -83
-213 -83 -205 -97
-205 -97 -194 -109
-194 -109 -181 -120
-181 -120 -167 -128
-167 -128 -152 -134
-152 -134 -137 -138
-137 -138 -121 -140
-121 -140 -105 -139
-105 -139 -89 -135
-89 -135 -74 -130
-74 -130 -60 -122
-60 -122 -48 -112
-48 -112 -37 -100
-37 -100 -29 -87
-29 -87 -22 -73
-22 -73 -18 -58
-18 -58 -16 -42
-16 -42 -17 -26
-17 -26 -20 -11
-20 -11 -26 2
-26 2 -34 16
-34 16 -43 28
-43 28 -55 39
-55 39 -68 47
-68 47 -82 54
-82 54 -98 58
-98 58 -113 59
-113 59 -129 59
-129 59 -145 56
-145 56 -160 50
-160 50 -174 42
-174 42 -186 32
-186 32 -198 21
-198 21 -207 7
-207 7 -214 -6
-214 -6 -219 -22
-219 -22 -221 -38
-221 -38 -221 -54
-221 -54 -219 -70
-219 -70 -214 -86
-214 -86 -207 -101
-207 -101 -198 -114
-198 -114 -187 -126
-187 -126 -174 -136
-174 -136 -160 -145
-160 -145 -145 -150
-145 -150 -129 -154
-129 -154 -113 -155
-113 -155 -97 -154
-97 -154 -81 -150
-81 -150 -66 -144
-66 -144 -53 -136
-53 -136 -40 -125
-40 -125 -30 -113
-30 -113 -22 -100
-22 -100 -16 -86
-16 -86 -12 -70
-12 -70 -10 -55
-10 -55 -11 -39
-11 -39 -15 -24
-15 -24 -21 -10
-21 -10 -29 3
-29 3 -39 15
-39 15 -50 25
-50 25 -64 33
-64 33 -78 39
-78 39 -93 43
-93 43 -109 45
-109 45 -125 44
-125 44 -140 40
-140 40 -155 34
-155 34 -169 26
-169 26 -181 16
-181 16 -192 4
-192 4 -201 -8
-201 -8 -208 -23
-208 -23 -212 -39
-212 -39 -214 -55
-214 -55 -214 -71
-214 -71 -211 -87
-211 -87 -206 -103
-206 -103 -199 -117
-199 -117 -189 -131
-189 -131 -178 -142
-178 -142 -165 -152
-165 -152 -150 -160
-150 -160 -135 -166
-135 -166 -119 -169
-119 -169 -103 -170
-103 -170 -87 -168
-87 -168 -71 -164
-71 -164 -57 -157
-57 -157 -43 -149
-43 -149 -31 -138
-31 -138 -21 -126
-21 -126 -13 -112
-13 -112 -7 -98
-7 -98 -3 -83
-3 -83 -2 -67
-2 -67 -4 -51
-4 -51 -7 -36
-7 -36 -13 -22
-13 -22 -22 -9
-22 -9 -32 2
-32 2 -44 12
-44 12 -57 20
-57 20 -72 26
-72 26 -87 30
-87 30 -103 31
-103 31 -118 29
-118 29 -134 25
-134 25 -148 19
-148 19 -162 11
-162 11 -174 1
-174 1 -185 -11
-185 -11 -193 -24
-193 -24 -200 -39
-200 -39 -204 -55
-204 -55 -206 -71
-206 -71 -205 -87
-205 -87 -202 -103
-202 -103 -196 -119
-196 -119 -188 -133
-188 -133 -178 -146
-178 -146 -167 -157
-167 -157 -153 -167
-153 -167 -139 -174
-139 -174 -123 -180
-123 -180 -107 -182
-107 -182 -91 -183
-91 -183 -75 -181
-75 -181 -60 -176
-60 -176 -45 -169
-45 -169 -32 -160
-32 -160 -20 -150
-20 -150 -10 -137
-10 -137 -2 -124
-2 -124 2 -109
2 -109 6 -93
6 -93 6 -78
6 -78 5 -62
5 -62 1 -47
1 -47 -5 -33
-5 -33 -13 -20
-13 -20 -24 -8
-24 -8 -36 1
-36 1 -49 8
-49 8 -64 14
-64 14 -79 17
-79 17 -95 18
-95 18 -110 16
-110 16 -126 12
-126 12 -140 6
-140 6 -154 -2
-154 -2 -165 -13
-165 -13 -176 -25
-176 -25 -184 -39
-184 -39 -190 -54
-190 -54 -194 -69
-194 -69 -195 -86
-195 -86 -194 -102
-194 -102 -190 -118
-190 -118 -184 -133
-184 -133 -176 -147
-176 -147 -166 -160
-166 -160 -154 -171
-154 -171 -141 -180
-141 -180 -126 -188
-126 -188 -110 -192
-110 -192 -94 -195
-94 -195 -78 -195
-78 -195 -62 -192
-62 -192 -46 -187
-46 -187 -32 -180
-32 -180 -19 -171
-19 -171 -7 -160
-7 -160 1 -147
1 -147 9 -133
9 -133 14 -118
14 -118 17 -103
17 -103 18 -87
18 -87 16 -72
16 -72 11 -57
11 -57 5 -43
5 -43 -3 -30
-3 -30 -14 -18
-14 -18 -26 -9
-26 -9 -40 -1
-40 -1 -54 3
-54 3 -70 6
-70 6 -85 6
-85 6 -101 4
-101 4 -116 0
-116 0 -130 -6
-130 -6 -143 -15
-143 -15 -155 -25
-155 -25 -165 -38
-165 -38 -173 -52
-173 -52 -179 -67
-179 -67 -182 -83
-182 -83 -183 -99
-183 -99 -181 -115
-181 -115 -177 -131
-177 -131 -171 -146
-171 -146 -163 -160
-163 -160 -152 -173
-152 -173 -140 -183
-140 -183 -126 -192
-126 -192 -111 -199
-111 -199 -96 -203
-96 -203 -79 -205
-79 -205 -63 -205
-63 -205 -47 -202
-47 -202 -32 -197
-32 -197 -17 -189
-17 -189 -4 -180
-4 -180 6 -169
6 -169 15 -156
15 -156 23 -142
23 -142 28 -126
28 -126 30 -111
30 -111 30 -95
30 -95 28 -80
28 -80 23 -65
23 -65 17 -51
17 -51 8 -38
8 -38 -2 -27
-2 -27 -15 -17
-15 -17 -29 -10
-29 -10 -43 -5
-43 -5 -59 -3
-59 -3 -74 -2
-74 -2 -90 -5
-90 -5 -105 -9
-105 -9 -119 -16
-119 -16 -132 -26
-132 -26 -143 -37
-143 -37 -153 -49
-153 -49 -161 -63
-161 -63 -166 -79
-166 -79 -169 -94
-169 -94 -169 -111
-169 -111 -168 -127
-168 -127 -163 -142
-163 -142 -157 -157
-157 -157 -148 -171
-148 -171 -137 -183
-137 -183 -125 -194
-125 -194 -111 -202
-111 -202 -95 -209
-95 -209 -80 -213
-80 -213 -63 -214
-63 -214 -47 -214
-47 -214 -31 -210
-31 -210 -16 -205
-16 -205 -2 -197
-2 -197 10 -187
10 -187 21 -175
21 -175 30 -162
30 -162 37 -148
37 -148 42 -133
42 -133 44 -117
44 -117 44 -101
44 -101 42 -86
42 -86 37 -71
37 -71 29 -57
29 -57 20 -44
20 -44 9 -34
9 -34 -3 -24
-3 -24 -17 -17
-17 -17 -31 -13
-31 -13 -47 -11
-47 -11 -62 -11
-62 -11 -78 -13
-78 -13 -93 -18
-93 -18 -107 -26
-107 -26 -119 -35
-119 -35 -131 -46
-131 -46 -140 -59
-140 -59 -147 -73
-147 -73 -152 -88
-152 -88 -155 -104
-155 -104 -155 -120
-155 -120 -153 -136
-153 -136 -148 -152
-148 -152 -141 -167
-141 -167 -132 -180
-132 -180 -121 -192
-121 -192 -108 -202
-108 -202 -94 -211
-94 -211 -79 -217
-79 -217 -63 -220
-63 -220 -46 -222
-46 -222 -30 -220
-30 -220 -14 -217
-14 -217 0 -211
0 -211 14 -203
14 -203 27 -192
27 -192 37 -180
37 -180 46 -167
46 -167 53 -153
53 -153 57 -137
57 -137 59 -121
59 -121 59 -106
59 -106 56 -90
56 -90 51 -75
51 -75 43 -62
43 -62 34 -49
34 -49 22 -38
22 -38 10 -30
10 -30 -4 -23
-4 -23 -18 -19
-18 -19 -34 -17
-34 -17 -50 -17
-50 -17 -65 -20
-65 -20 -80 -25
-80 -25 -93 -33
-93 -33 -106 -42
-106 -42 -117 -54
-117 -54 -126 -67
-126 -67 -133 -81
-133 -81 -137 -96
-137 -96 -140 -112
-140 -112 -139 -128
-139 -128 -137 -144
-137 -144 -132 -160
-132 -160 -124 -174
-124 -174 -115 -187
-115 -187 -104 -199
-104 -199 -91 -209
-91 -209 -76 -217
-76 -217 -61 -223
-61 -223 -45 -226
-45 -226 -28 -227
-28 -227 -12 -225
-12 -225 3 -221
3 -221 18 -215
18 -215 31 -206
31 -206 44 -196
44 -196 54 -183
54 -183 63 -170
63 -170 69 -155
69 -155 74 -140
74 -140 75 -124
75 -124 74 -108
74 -108 71 -93
71 -93 66 -78
66 -78 58 -64
58 -64 48 -52
48 -52 36 -41
36 -41 23 -33
23 -33 9 -26
9 -26 -5 -22
-5 -22 -20 -21
-20 -21 -36 -21
-36 -21 -51 -25
-51 -25 -66 -30
-66 -30 -79 -38
-79 -38 -92 -48
-92 -48 -102 -59
-102 -59 -111 -73
-111 -73 -118 -87
-118 -87 -122 -102
-122 -102 -124 -118
-124 -118 -123 -134
-123 -134 -120 -150
-120 -150 -115 -165
-115 -165 -107 -180
-107 -180 -97 -193
-97 -193 -86 -204
-86 -204 -73 -214
-73 -214 -58 -221
-58 -221 -43 -226
-43 -226 -26 -229
-26 -229 -10 -230
-10 -230 5 -228
5 -228 21 -223
21 -223 36 -217
36 -217 49 -208
49 -208 62 -197
62 -197 72 -184
72 -184 80 -171
80 -171 86 -156
86 -156 90 -140
90 -140 91 -124
91 -124 90 -108
90 -108 87 -93
87 -93 81 -78
81 -78 73 -65
73 -65 63 -53
63 -53 51 -42
51 -42 38 -34
38 -34 23 -28
23 -28 8 -24
8 -24 -6 -23
-6 -23 -22 -24
-22 -24 -37 -27
-37 -27 -52 -33
-52 -33 -65 -41
-65 -41 -77 -51
-77 -51 -87 -63
-87 -63 -96 -76
-96 -76 -102 -91
-102 -91 -106 -106
-106 -106 -108 -122
-108 -122 -107 -138
-107 -138 -103 -154
-103 -154 -98 -169
-98 -169 -90 -183
-90 -183 -80 -196
-80 -196 -68 -207
-68 -207 -54 -216
-54 -216 -40 -223
-40 -223 -24 -228
-24 -228 -8 -231
-8 -231 8 -231
8 -231 24 -228
24 -228 39 -223
39 -223 54 -216
54 -216 68 -207
68 -207 79 -196
79 -196 89 -183
89 -183 97 -169
97 -169 103 -154
103 -154 107 -138
107 -138 108 -122
108 -122 106 -107
106 -107 102 -91
102 -91 96 -77
96 -77 88 -63
88 -63 77 -51
77 -51 65 -41
65 -41 52 -33
52 -33 37 -27
37 -27 22 -24
22 -24 7 -23
7 -23 -8 -24
-8 -24 -23 -28
-23 -28 -37 -34
-37 -34 -51 -42
-51 -42 -62 -52
-62 -52 -72 -64
-72 -64 -81 -78
-81 -78 -86 -93
-86 -93 -90 -108
-90 -108 -91 -124
-91 -124 -90 -140
-90 -140 -86 -155
-86 -155 -80 -170
-80 -170 -72 -184
-72 -184 -62 -197
-62 -197 -50 -207
-50 -207 -36 -216
-36 -216 -21 -223
-21 -223 -5 -228
-5 -228 10 -230
10 -230 26 -229
26 -229 42 -227
42 -227 58 -221
58 -221 72 -214
72 -214 86 -204
86 -204 97 -193
97 -193 107 -180
107 -180 115 -166
115 -166 120 -150
120 -150 123 -135
123 -135 124 -119
124 -119 122 -103
122 -103 118 -87
118 -87 111 -73
111 -73 102 -60
102 -60 92 -48
92 -48 80 -38
80 -38 66 -30
66 -30 52 -25
52 -25 36 -21
36 -21 21 -21
21 -21 5 -22
5 -22 -9 -26
-9 -26 -23 -33
-23 -33 -36 -41
-36 -41 -48 -52
-48 -52 -58 -64
-58 -64 -65 -78
-65 -78 -71 -92
-71 -92 -74 -108
-74 -108 -75 -124
-75 -124 -74 -139
-74 -139 -70 -155
-70 -155 -63 -170
-63 -170 -55 -183
-55 -183 -44 -195
-44 -195 -32 -206
-32 -206 -18 -215
-18 -215 -3 -221
-3 -221 12 -225
12 -225 28 -227
28 -227 44 -226
44 -226 61 -223
61 -223 76 -217
76 -217 90 -209
90 -209 103 -199
103 -199 115 -188
115 -188 124 -175
124 -175 132 -160
132 -160 137 -145
137 -145 139 -129
139 -129 140 -113
140 -113 137 -97
137 -97 133 -81
133 -81 126 -67
126 -67 117 -54
117 -54 106 -43
106 -43 94 -33
94 -33 80 -25
80 -25 65 -20
65 -20 50 -17
50 -17 34 -17
34 -17 19 -18
19 -18 4 -23
4 -23 -9 -29
-9 -29 -22 -38
-22 -38 -34 -49
-34 -49 -43 -61
-43 -61 -51 -75
-51 -75 -56 -90
-56 -90 -59 -105
-59 -105 -59 -121
-59 -121 -58 -137
-58 -137 -53 -152
-53 -152 -47 -167
-47 -167 -38 -180
-38 -180 -27 -192
-27 -192 -14 -202
-14 -202 0 -211
0 -211 14 -217
14 -217 30 -220
30 -220 46 -222
46 -222 62 -220
62 -220 78 -217
78 -217 93 -211
93 -211 108 -203
108 -203 120 -193
120 -193 132 -181
132 -181 141 -167
141 -167 148 -152
148 -152 153 -137
153 -137 155 -121
155 -121 155 -105
155 -105 152 -89
152 -89 147 -74
147 -74 140 -59
140 -59 131 -46
131 -46 120 -35
120 -35 107 -26
107 -26 93 -18
93 -18 78 -13
78 -13 63 -11
63 -11 47 -10
47 -10 32 -13
32 -13 17 -17
17 -17 3 -24
3 -24 -9 -33
-9 -33 -20 -44
-20 -44 -29 -57
-29 -57 -37 -71
-37 -71 -42 -85
-42 -85 -44 -101
-44 -101 -44 -117
-44 -117 -42 -132
-42 -132 -37 -148
-37 -148 -31 -162
-31 -162 -21 -175
-21 -175 -10 -187
-10 -187 1 -197
1 -197 16 -205
16 -205 31 -210
31 -210 47 -214
47 -214 63 -214
63 -214 79 -213
79 -213 95 -209
95 -209 110 -203
110 -203 124 -194
124 -194 137 -184
137 -184 148 -171
148 -171 156 -158
156 -158 163 -143
163 -143 168 -127
168 -127 169 -111
169 -111 169 -95
169 -95 166 -79
166 -79 161 -64
161 -64 153 -50
153 -50 144 -37
144 -37 132 -26
132 -26 119 -17
119 -17 105 -10
105 -10 90 -5
90 -5 75 -3
75 -3 59 -3
59 -3 44 -5
44 -5 29 -10
29 -10 15 -17
15 -17 3 -27
3 -27 -7 -38
-7 -38 -16 -50
-16 -50 -23 -64
-23 -64 -28 -79
-28 -79 -30 -95
-30 -95 -30 -111
-30 -111 -28 -126
-28 -126 -23 -141
-23 -141 -15 -155
-15 -155 -6 -168
-6 -168 4 -180
4 -180 17 -189
17 -189 31 -197
31 -197 47 -202
47 -202 63 -205
63 -205 79 -206
79 -206 95 -204
95 -204 111 -199
111 -199 126 -192
126 -192 140 -184
140 -184 152 -173
152 -173 162 -160
162 -160 171 -146
171 -146 177 -131
177 -131 181 -115
181 -115 183 -99
183 -99 182 -83
182 -83 179 -67
179 -67 173 -52
173 -52 165 -38
165 -38 155 -26
155 -26 144 -15
144 -15 131 -6
131 -6 116 0
116 0 101 4
101 4 86 6
86 6 70 6
70 6 55 3
55 3 40 -1
40 -1 26 -9
26 -9 14 -18
14 -18 3 -29
3 -29 -5 -42
-5 -42 -11 -56
-11 -56 -16 -71
-16 -71 -18 -87
-18 -87 -17 -103
-17 -103 -14 -118
-14 -118 -9 -133
-9 -133 -2 -147
-2 -147 7 -160
7 -160 19 -171
19 -171 32 -180
32 -180 46 -187
46 -187 61 -192
61 -192 77 -195
77 -195 94 -195
94 -195 110 -192
110 -192 125 -188
125 -188 140 -181
140 -181 154 -171
154 -171 166 -160
166 -160 176 -148
176 -148 184 -133
184 -133 190 -118
190 -118 194 -102
194 -102 195 -86
195 -86 194 -70
194 -70 190 -54
190 -54 184 -39
184 -39 176 -25
176 -25 166 -13
166 -13 154 -2
154 -2 140 5
140 5 126 12
126 12 111 16
111 16 95 18
95 18 79 17
79 17 64 14
64 14 50 8
50 8 36 1
36 1 24 -8
24 -8 13 -20
13 -20 5 -33
5 -33 -1 -47
-1 -47 -5 -62
-5 -62 -6 -77
-6 -77 -6 -93
-6 -93 -3 -108
-3 -108 2 -123
2 -123 10 -137
10 -137 20 -149
20 -149 31 -160
31 -160 45 -169
45 -169 59 -176
59 -176 75 -181
75 -181 91 -183
91 -183 107 -182
107 -182 123 -180
123 -180 139 -175
139 -175 153 -167
153 -167 166 -158
166 -158 178 -146
178 -146 188 -133
188 -133 196 -119
196 -119 202 -104
202 -104 205 -88
205 -88 206 -71
206 -71 204 -55
204 -55 200 -39
200 -39 193 -24
193 -24 185 -11
185 -11 174 0
174 0 162 11
162 11 149 19
149 19 134 25
134 25 119 29
119 29 103 31
103 31 87 30
87 30 72 26
72 26 58 20
58 20 44 12
44 12 32 2
32 2 22 -8
22 -8 14 -22
14 -22 7 -36
7 -36 4 -51
4 -51 2 -67
2 -67 3 -82
3 -82 7 -97
7 -97 13 -112
13 -112 21 -126
21 -126 31 -138
31 -138 43 -148
43 -148 56 -157
56 -157 71 -164
71 -164 86 -168
86 -168 102 -170
102 -170 119 -169
119 -169 135 -166
135 -166 150 -160
150 -160 164 -153
164 -153 177 -143
177 -143 189 -131
189 -131 198 -118
198 -118 206 -103
206 -103 211 -88
211 -88 214 -72
214 -72 214 -55
214 -55 212 -39
212 -39 208 -23
208 -23 201 -9
201 -9 192 4
192 4 182 16
182 16 169 26
169 26 155 34
155 34 141 40
141 40 125 44
125 44 109 45
109 45 94 43
94 43 78 39
78 39 64 33
64 33 51 25
51 25 39 15
39 15 29 3
29 3 21 -9
21 -9 15 -24
15 -24 11 -39
11 -39 10 -55
10 -55 12 -70
12 -70 15 -85
15 -85 22 -100
22 -100 30 -113
30 -113 40 -125
40 -125 52 -135
52 -135 66 -144
66 -144 81 -150
81 -150 96 -154
96 -154 112 -155
112 -155 128 -154
128 -154 144 -151
144 -151 159 -145
159 -145 174 -137
174 -137 186 -127
186 -127 198 -115
198 -115 207 -101
207 -101 214 -86
214 -86 219 -71
219 -71 221 -55
221 -55 221 -38
221 -38 219 -22
219 -22 214 -7
214 -7 207 7
207 7 198 20
198 20 187 32
187 32 174 42
174 42 160 50
160 50 145 56
145 56 129 59
129 59 114 59
114 59 98 58
98 58 83 54
83 54 68 47
68 47 55 39
55 39 44 28
44 28 34 16
34 16 26 3
26 3 20 -11
20 -11 17 -26
17 -26 16 -42
16 -42 18 -57
18 -57 22 -72
22 -72 29 -87
29 -87 37 -100
37 -100 48 -111
48 -111 60 -121
60 -121 74 -129
74 -129 89 -135
89 -135 104 -139
104 -139 120 -140
120 -140 136 -138
136 -138 152 -135
152 -135 167 -128
167 -128 181 -120
181 -120 194 -110
194 -110 204 -97
204 -97 213 -84
213 -84 220 -69
220 -69 225 -53
225 -53 227 -37
227 -37 226 -20
226 -20 223 -4
223 -4 218 10
218 10 211 25
211 25 201 38
201 38 190 49
190 49 177 59
177 59 163 66
163 66 148 72
148 72 132 75
132 75 116 75
116 75 100 73
100 73 85 69
85 69 71 62
71 62 58 53
58 53 46 42
46 42 37 30
37 30 29 16
29 16 24 2
24 2 21 -13
21 -13 21 -28
21 -28 23 -44
23 -44 27 -59
27 -59 34 -73
34 -73 43 -86
43 -86 53 -97
53 -97 66 -107
66 -107 80 -115
80 -115 95 -120
95 -120 110 -123
110 -123 126 -124
126 -124 142 -122
142 -122 158 -118
158 -118 173 -111
173 -111 186 -103
186 -103 199 -92
199 -92 209 -79
209 -79 218 -66
218 -66 224 -51
224 -51 228 -35
228 -35 230 -18
230 -18 229 -2
229 -2 226 13
226 13 220 28
220 28 212 43
212 43 203 56
203 56 191 67
191 67 178 76
178 76 163 83
163 83 148 88
148 88 132 91
132 91 116 91
116 91 101 89
101 89 86 84
86 84 71 77
71 77 59 68
59 68 47 57
47 57 38 44
38 44 31 31
31 31 26 16
26 16 23 0
23 0 23 -14
23 -14 25 -30
25 -30 30 -44
30 -44 37 -58
37 -58 46 -71
46 -71 57 -82
57 -82 69 -92
69 -92 83 -99
83 -99 98 -104
98 -104 114 -107
114 -107 130 -107
130 -107 146 -105
146 -105 161 -101
161 -101 176 -94
176 -94 189 -85
189 -85 201 -74
201 -74 212 -61
212 -61 220 -47
220 -47 226 -32
